export const driverPoints = `Verstappen,Norris,Leclerc,Piastri,Sainz
0.390625,0.125,0.1875,0.0625,0.234375
0.4166666666666667,0.1,0.225,0.13333333333333333,0.125
0.2631578947368421,0.14210526315789473,0.23684210526315788,0.14736842105263157,0.21052631578947367
0.29296875,0.14453125,0.22265625,0.125,0.21484375
0.3076923076923077,0.16923076923076924,0.2123076923076923,0.11076923076923077,0.2
0.30025445292620867,0.2035623409669211,0.21374045801526717,0.0916030534351145,0.19083969465648856
0.3023255813953488,0.20718816067653276,0.20930232558139536,0.1014799154334038,0.17970401691331925
0.27404718693284935,0.1996370235934664,0.2250453720508167,0.11978221415607986,0.18148820326678766
0.2913907284768212,0.2119205298013245,0.2052980132450331,0.12582781456953643,0.16556291390728478
0.2995529061102832,0.21758569299552907,0.19970193740685543,0.12220566318926974,0.16095380029806258
0.29551820728291317,0.20448179271708683,0.1876750700280112,0.1400560224089636,0.1722689075630252
0.2977893368010403,0.2093628088426528,0.17425227568270482,0.14564369310793238,0.1729518855656697
0.2838479809976247,0.21258907363420426,0.17339667458432304,0.16270783847980996,0.167458432304038
0.2773480662983425,0.20883977900552486,0.17790055248618786,0.1712707182320442,0.16464088397790055
0.2730964467005076,0.21725888324873097,0.17868020304568527,0.16954314720812183,0.16142131979695432
0.2605832549388523,0.2154280338664158,0.18908748824082786,0.17403574788334902,0.16086547507055504
0.25443262411347517,0.21365248226950354,0.19414893617021275,0.18617021276595744,0.15159574468085107
0.25374376039933444,0.22129783693843594,0.19051580698835274,0.18718801996672213,0.14725457570715475
0.24960998439937598,0.21684867394695787,0.1981279251170047,0.18330733229329174,0.15210608424336974
0.24260355029585798,0.21893491124260356,0.1989644970414201,0.17677514792899407,0.16272189349112426
0.2523230879199428,0.21729807005003574,0.19942816297355254,0.17369549678341673,0.15725518227305219
0.2503448275862069,0.21517241379310345,0.2006896551724138,0.17172413793103447,0.16206896551724137
0.25576796308503624,0.2063282794990112,0.20369149637442321,0.17402768622280818,0.16018457481872117
0.25,0.21338383838383837,0.20454545454545456,0.1672979797979798,0.16477272727272727
`;

export const cryptoPrices = `bitcoin,ethereum
0.9772206742828857,0.022779325717114305
0.9773052661692925,0.022694733830707487
0.9772654559688158,0.022734544031184228
0.9773089034472838,0.022691096552716155
0.9773109232002499,0.022689076799750036
0.977309420258151,0.022690579741848974
0.9773367340616047,0.022663265938395374
0.977337951344077,0.022662048655923
0.9774381550693552,0.02256184493064485
0.9775198271535944,0.022480172846405615
0.977504708355259,0.022495291644740983
0.9775037425571106,0.022496257442889342
0.9775243779281705,0.02247562207182953
0.9774720906556935,0.02252790934430644
0.977459131314851,0.02254086868514907
0.977552224235861,0.02244777576413905
0.9776050720929228,0.022394927907077148
0.9776328960371803,0.022367103962819667
0.9776702674853331,0.022329732514666894
0.9776398878882868,0.022360112111713085
0.9776462453908926,0.02235375460910742
0.9776476063448113,0.022352393655188756
0.9776956547545422,0.02230434524545774
0.9776349103709391,0.022365089629061037
0.9777041051504197,0.022295894849580347
0.9777572657973902,0.022242734202609804
0.9777481411119562,0.02225185888804374
0.9777420099421843,0.02225799005781576
0.9777455101500901,0.022254489849909822
0.9777086944100891,0.022291305589910927
0.9776814247986009,0.022318575201399155
0.9776276253617308,0.022372374638269254
0.9775834607625166,0.02241653923748342
0.9776015927667182,0.022398407233281816
0.9776102182665322,0.022389781733467912
0.9776598647886744,0.022340135211325614
0.9777688569009312,0.022231143099068734
0.9777546216005065,0.022245378399493365
0.9777592547487878,0.022240745251212307
0.977754497049777,0.02224550295022288
0.977800094959638,0.02219990504036196
0.9777655352880839,0.022234464711916212
0.9776717374425752,0.022328262557424847
0.9775296735483681,0.022470326451631977
0.9771593767887755,0.022840623211224473
0.9770319147783169,0.022968085221683036
0.9769728105319392,0.02302718946806089
0.9768652571329017,0.023134742867098265
0.9767857811888595,0.02321421881114042
0.9768260794217127,0.023173920578287308
0.976770769664188,0.023229230335812145
0.9769191832824202,0.023080816717579736
0.9769280558230541,0.023071944176945948
0.9768847502352213,0.02311524976477876
0.9769433770616089,0.023056622938391103
0.9769701209512772,0.023029879048722723
0.9769573803864645,0.02304261961353553
0.976874235870388,0.023125764129611915
0.9768044643610689,0.02319553563893109
0.9767681007836483,0.023231899216351742
0.9768521908316223,0.023147809168377727
0.9769053816171023,0.02309461838289774
0.9769014166663696,0.023098583333630268
0.9768773710734006,0.023122628926599442
0.9768776836323023,0.023122316367697657
0.9767320770457818,0.023267922954218215
0.9768908610440995,0.023109138955900405
0.976972878811804,0.023027121188196026
0.9770020779611794,0.022997922038820475
0.9770189709492657,0.02298102905073425
0.9769670566658196,0.023032943334180347
0.9769862360206132,0.02301376397938674
0.976914076782907,0.023085923217093074
0.9768980440507793,0.023101955949220633
0.9769027003497847,0.023097299650215376
0.9769134657569589,0.023086534243041055
0.9768860817995936,0.023113918200406463
0.976894239083208,0.023105760916792017
0.9769550918432856,0.023044908156714523
0.9769200068784335,0.0230799931215665
0.9769526527654635,0.02304734723453643
0.976936110844402,0.02306388915559804
0.9770637656915943,0.022936234308405745
0.977218781043488,0.02278121895651199
0.9771132067542782,0.022886793245721897
0.9771223284358347,0.0228776715641653
0.9771343352772439,0.022865664722756123
0.9771273003642079,0.022872699635792047
0.9770973062198598,0.0229026937801402
0.9771351999260046,0.022864800073995436
0.9771956405744444,0.022804359425555566
0.9772893760345389,0.022710623965461113
0.9774184163838862,0.02258158361611379
0.977387007768219,0.02261299223178101
0.9774152113856546,0.022584788614345454
0.9774239495046737,0.022576050495326395
0.9773907719341447,0.022609228065855257
0.9773925734582253,0.022607426541774722
0.9772470098573907,0.022752990142609293
0.9773060015546726,0.022693998445327303
0.9772682993294718,0.0227317006705282
`;
